[UTF8/MIXED]
[43297.6596918519128.1.151.222]
created=43297.6596918519
IP=128.1.151.222
port=21
user=operation_world
pass=54F75BF25C8AD00C4E85D273D37EDF75
LoginType=1
options=3030333000033001103000010003333000001002000133903300
Proxy=0
ID=6760BA97
